{
 "cells": [
  {
   "cell_type": "markdown",
   "id": "19a996bb",
   "metadata": {},
   "source": [
    "# Brent correlation with energy sector stocks.\n",
    "\n",
    "This model is still in development and made for educational purposes. It should not be taken as a decision rule or advice at all.\n",
    "\n",
    "In this script I start with simple data modelling for Brent correlation with stocks from energy sector. This model can also be modified to fit for other companies and commodities such as gold, wheat and soybean.\n",
    "\n",
    "For now the model analyzes price correlation split on deciles and we can see it varies for different oil price ranges. \n",
    "Things on development: \n",
    "\n",
    "-Data accuracy test (since yahoo finance is useful to start with but sometimes unreliable for a final version). \n",
    "-Different group analysis with machine learning methods. \n",
    "-Better plots and graphical understanding.\n",
    "\n",
    "Any sugestion is welcomed."
   ]
  },
  {
   "cell_type": "code",
   "execution_count": 2,
   "id": "82ef5b33",
   "metadata": {},
   "outputs": [],
   "source": [
    "import pandas as pd, yfinance as yf\n",
    "import matplotlib.pyplot as plt\n",
    "import seaborn as sns\n",
    "sns.set()\n"
   ]
  },
  {
   "cell_type": "code",
   "execution_count": 3,
   "id": "ae919b95",
   "metadata": {},
   "outputs": [
    {
     "data": {
      "application/javascript": [
       "IPython.OutputArea.prototype._should_scroll = function(lines) {\n",
       "    return false;\n",
       "}\n"
      ],
      "text/plain": [
       "<IPython.core.display.Javascript object>"
      ]
     },
     "metadata": {},
     "output_type": "display_data"
    }
   ],
   "source": [
    "%%javascript\n",
    "IPython.OutputArea.prototype._should_scroll = function(lines) {\n",
    "    return false;\n",
    "}"
   ]
  },
  {
   "cell_type": "code",
   "execution_count": 5,
   "id": "b8d34354",
   "metadata": {
    "scrolled": true
   },
   "outputs": [
    {
     "name": "stdout",
     "output_type": "stream",
     "text": [
      "[*********************100%***********************]  10 of 10 completed\n"
     ]
    }
   ],
   "source": [
    "tickers = ['BZ=F','XOM', 'FRO', 'YPF', 'BP', 'COP', 'CVX', 'EOG', 'SLB', 'WMB']\n",
    "df = yf.download(tickers, start='2015-01-01', end='2021-04-15')\n",
    "df = df['Adj Close']\n",
    "df = df[['BZ=F','XOM', 'FRO', 'YPF', 'BP', 'COP', 'CVX', 'EOG', 'SLB', 'WMB']]"
   ]
  },
  {
   "cell_type": "code",
   "execution_count": 6,
   "id": "694761ee",
   "metadata": {
    "scrolled": true
   },
   "outputs": [
    {
     "data": {
      "text/html": [
       "<div>\n",
       "<style scoped>\n",
       "    .dataframe tbody tr th:only-of-type {\n",
       "        vertical-align: middle;\n",
       "    }\n",
       "\n",
       "    .dataframe tbody tr th {\n",
       "        vertical-align: top;\n",
       "    }\n",
       "\n",
       "    .dataframe thead th {\n",
       "        text-align: right;\n",
       "    }\n",
       "</style>\n",
       "<table border=\"1\" class=\"dataframe\">\n",
       "  <thead>\n",
       "    <tr style=\"text-align: right;\">\n",
       "      <th></th>\n",
       "      <th>BZ=F</th>\n",
       "      <th>XOM</th>\n",
       "      <th>FRO</th>\n",
       "      <th>YPF</th>\n",
       "      <th>BP</th>\n",
       "      <th>COP</th>\n",
       "      <th>CVX</th>\n",
       "      <th>EOG</th>\n",
       "      <th>SLB</th>\n",
       "      <th>WMB</th>\n",
       "    </tr>\n",
       "    <tr>\n",
       "      <th>Date</th>\n",
       "      <th></th>\n",
       "      <th></th>\n",
       "      <th></th>\n",
       "      <th></th>\n",
       "      <th></th>\n",
       "      <th></th>\n",
       "      <th></th>\n",
       "      <th></th>\n",
       "      <th></th>\n",
       "      <th></th>\n",
       "    </tr>\n",
       "  </thead>\n",
       "  <tbody>\n",
       "    <tr>\n",
       "      <th>2015-01-02</th>\n",
       "      <td>56.419998</td>\n",
       "      <td>68.678993</td>\n",
       "      <td>8.528535</td>\n",
       "      <td>25.267620</td>\n",
       "      <td>24.997982</td>\n",
       "      <td>56.847458</td>\n",
       "      <td>84.587646</td>\n",
       "      <td>84.866158</td>\n",
       "      <td>69.699425</td>\n",
       "      <td>30.521172</td>\n",
       "    </tr>\n",
       "    <tr>\n",
       "      <th>2015-01-05</th>\n",
       "      <td>53.110001</td>\n",
       "      <td>66.799820</td>\n",
       "      <td>8.698426</td>\n",
       "      <td>23.961174</td>\n",
       "      <td>23.673321</td>\n",
       "      <td>54.142014</td>\n",
       "      <td>81.206558</td>\n",
       "      <td>79.750648</td>\n",
       "      <td>67.811943</td>\n",
       "      <td>29.313015</td>\n",
       "    </tr>\n",
       "    <tr>\n",
       "      <th>2015-01-06</th>\n",
       "      <td>51.099998</td>\n",
       "      <td>66.444687</td>\n",
       "      <td>10.737121</td>\n",
       "      <td>23.883757</td>\n",
       "      <td>23.496269</td>\n",
       "      <td>51.906727</td>\n",
       "      <td>81.168976</td>\n",
       "      <td>77.478096</td>\n",
       "      <td>66.485786</td>\n",
       "      <td>28.914797</td>\n",
       "    </tr>\n",
       "    <tr>\n",
       "      <th>2015-01-07</th>\n",
       "      <td>51.150002</td>\n",
       "      <td>67.117950</td>\n",
       "      <td>11.416683</td>\n",
       "      <td>23.564404</td>\n",
       "      <td>23.555281</td>\n",
       "      <td>52.253147</td>\n",
       "      <td>81.101357</td>\n",
       "      <td>76.990463</td>\n",
       "      <td>66.477654</td>\n",
       "      <td>28.759560</td>\n",
       "    </tr>\n",
       "    <tr>\n",
       "      <th>2015-01-08</th>\n",
       "      <td>50.959999</td>\n",
       "      <td>68.235092</td>\n",
       "      <td>12.775813</td>\n",
       "      <td>24.145046</td>\n",
       "      <td>24.086456</td>\n",
       "      <td>53.556377</td>\n",
       "      <td>82.957199</td>\n",
       "      <td>79.934639</td>\n",
       "      <td>67.283104</td>\n",
       "      <td>29.036289</td>\n",
       "    </tr>\n",
       "    <tr>\n",
       "      <th>...</th>\n",
       "      <td>...</td>\n",
       "      <td>...</td>\n",
       "      <td>...</td>\n",
       "      <td>...</td>\n",
       "      <td>...</td>\n",
       "      <td>...</td>\n",
       "      <td>...</td>\n",
       "      <td>...</td>\n",
       "      <td>...</td>\n",
       "      <td>...</td>\n",
       "    </tr>\n",
       "    <tr>\n",
       "      <th>2021-04-08</th>\n",
       "      <td>63.200001</td>\n",
       "      <td>55.195908</td>\n",
       "      <td>7.590000</td>\n",
       "      <td>4.180000</td>\n",
       "      <td>24.429230</td>\n",
       "      <td>50.844360</td>\n",
       "      <td>101.774200</td>\n",
       "      <td>71.787758</td>\n",
       "      <td>27.059999</td>\n",
       "      <td>23.680000</td>\n",
       "    </tr>\n",
       "    <tr>\n",
       "      <th>2021-04-09</th>\n",
       "      <td>62.950001</td>\n",
       "      <td>55.067772</td>\n",
       "      <td>7.370000</td>\n",
       "      <td>4.020000</td>\n",
       "      <td>24.103111</td>\n",
       "      <td>50.834438</td>\n",
       "      <td>101.675407</td>\n",
       "      <td>71.370094</td>\n",
       "      <td>26.760000</td>\n",
       "      <td>23.600000</td>\n",
       "    </tr>\n",
       "    <tr>\n",
       "      <th>2021-04-12</th>\n",
       "      <td>63.279999</td>\n",
       "      <td>54.703087</td>\n",
       "      <td>6.770000</td>\n",
       "      <td>3.920000</td>\n",
       "      <td>24.330408</td>\n",
       "      <td>50.467297</td>\n",
       "      <td>100.549194</td>\n",
       "      <td>69.709396</td>\n",
       "      <td>26.540001</td>\n",
       "      <td>23.450001</td>\n",
       "    </tr>\n",
       "    <tr>\n",
       "      <th>2021-04-13</th>\n",
       "      <td>63.669998</td>\n",
       "      <td>54.910069</td>\n",
       "      <td>6.670000</td>\n",
       "      <td>3.930000</td>\n",
       "      <td>24.330408</td>\n",
       "      <td>50.397835</td>\n",
       "      <td>101.003632</td>\n",
       "      <td>70.007729</td>\n",
       "      <td>26.040001</td>\n",
       "      <td>23.700001</td>\n",
       "    </tr>\n",
       "    <tr>\n",
       "      <th>2021-04-14</th>\n",
       "      <td>66.580002</td>\n",
       "      <td>56.496952</td>\n",
       "      <td>6.930000</td>\n",
       "      <td>3.940000</td>\n",
       "      <td>25.239586</td>\n",
       "      <td>52.283165</td>\n",
       "      <td>103.009087</td>\n",
       "      <td>73.707001</td>\n",
       "      <td>27.309999</td>\n",
       "      <td>23.650000</td>\n",
       "    </tr>\n",
       "  </tbody>\n",
       "</table>\n",
       "<p>1581 rows × 10 columns</p>\n",
       "</div>"
      ],
      "text/plain": [
       "                 BZ=F        XOM        FRO        YPF         BP        COP  \\\n",
       "Date                                                                           \n",
       "2015-01-02  56.419998  68.678993   8.528535  25.267620  24.997982  56.847458   \n",
       "2015-01-05  53.110001  66.799820   8.698426  23.961174  23.673321  54.142014   \n",
       "2015-01-06  51.099998  66.444687  10.737121  23.883757  23.496269  51.906727   \n",
       "2015-01-07  51.150002  67.117950  11.416683  23.564404  23.555281  52.253147   \n",
       "2015-01-08  50.959999  68.235092  12.775813  24.145046  24.086456  53.556377   \n",
       "...               ...        ...        ...        ...        ...        ...   \n",
       "2021-04-08  63.200001  55.195908   7.590000   4.180000  24.429230  50.844360   \n",
       "2021-04-09  62.950001  55.067772   7.370000   4.020000  24.103111  50.834438   \n",
       "2021-04-12  63.279999  54.703087   6.770000   3.920000  24.330408  50.467297   \n",
       "2021-04-13  63.669998  54.910069   6.670000   3.930000  24.330408  50.397835   \n",
       "2021-04-14  66.580002  56.496952   6.930000   3.940000  25.239586  52.283165   \n",
       "\n",
       "                   CVX        EOG        SLB        WMB  \n",
       "Date                                                     \n",
       "2015-01-02   84.587646  84.866158  69.699425  30.521172  \n",
       "2015-01-05   81.206558  79.750648  67.811943  29.313015  \n",
       "2015-01-06   81.168976  77.478096  66.485786  28.914797  \n",
       "2015-01-07   81.101357  76.990463  66.477654  28.759560  \n",
       "2015-01-08   82.957199  79.934639  67.283104  29.036289  \n",
       "...                ...        ...        ...        ...  \n",
       "2021-04-08  101.774200  71.787758  27.059999  23.680000  \n",
       "2021-04-09  101.675407  71.370094  26.760000  23.600000  \n",
       "2021-04-12  100.549194  69.709396  26.540001  23.450001  \n",
       "2021-04-13  101.003632  70.007729  26.040001  23.700001  \n",
       "2021-04-14  103.009087  73.707001  27.309999  23.650000  \n",
       "\n",
       "[1581 rows x 10 columns]"
      ]
     },
     "execution_count": 6,
     "metadata": {},
     "output_type": "execute_result"
    }
   ],
   "source": [
    "df"
   ]
  },
  {
   "cell_type": "code",
   "execution_count": 7,
   "id": "6e59011d",
   "metadata": {
    "scrolled": true
   },
   "outputs": [
    {
     "data": {
      "text/html": [
       "<div>\n",
       "<style scoped>\n",
       "    .dataframe tbody tr th:only-of-type {\n",
       "        vertical-align: middle;\n",
       "    }\n",
       "\n",
       "    .dataframe tbody tr th {\n",
       "        vertical-align: top;\n",
       "    }\n",
       "\n",
       "    .dataframe thead th {\n",
       "        text-align: right;\n",
       "    }\n",
       "</style>\n",
       "<table border=\"1\" class=\"dataframe\">\n",
       "  <thead>\n",
       "    <tr style=\"text-align: right;\">\n",
       "      <th></th>\n",
       "      <th>BZ=F</th>\n",
       "      <th>XOM</th>\n",
       "      <th>FRO</th>\n",
       "      <th>YPF</th>\n",
       "      <th>BP</th>\n",
       "      <th>COP</th>\n",
       "      <th>CVX</th>\n",
       "      <th>EOG</th>\n",
       "      <th>SLB</th>\n",
       "      <th>WMB</th>\n",
       "    </tr>\n",
       "  </thead>\n",
       "  <tbody>\n",
       "    <tr>\n",
       "      <th>BZ=F</th>\n",
       "      <td>1.000000</td>\n",
       "      <td>0.547242</td>\n",
       "      <td>-0.300589</td>\n",
       "      <td>0.256097</td>\n",
       "      <td>0.852304</td>\n",
       "      <td>0.884819</td>\n",
       "      <td>0.768204</td>\n",
       "      <td>0.763274</td>\n",
       "      <td>0.193308</td>\n",
       "      <td>0.404101</td>\n",
       "    </tr>\n",
       "    <tr>\n",
       "      <th>XOM</th>\n",
       "      <td>0.547242</td>\n",
       "      <td>1.000000</td>\n",
       "      <td>-0.248060</td>\n",
       "      <td>0.716473</td>\n",
       "      <td>0.617473</td>\n",
       "      <td>0.474107</td>\n",
       "      <td>0.412983</td>\n",
       "      <td>0.855169</td>\n",
       "      <td>0.766742</td>\n",
       "      <td>0.285971</td>\n",
       "    </tr>\n",
       "    <tr>\n",
       "      <th>FRO</th>\n",
       "      <td>-0.300589</td>\n",
       "      <td>-0.248060</td>\n",
       "      <td>1.000000</td>\n",
       "      <td>-0.101548</td>\n",
       "      <td>-0.342970</td>\n",
       "      <td>-0.080148</td>\n",
       "      <td>-0.427412</td>\n",
       "      <td>-0.446676</td>\n",
       "      <td>-0.081559</td>\n",
       "      <td>0.296773</td>\n",
       "    </tr>\n",
       "    <tr>\n",
       "      <th>YPF</th>\n",
       "      <td>0.256097</td>\n",
       "      <td>0.716473</td>\n",
       "      <td>-0.101548</td>\n",
       "      <td>1.000000</td>\n",
       "      <td>0.239321</td>\n",
       "      <td>0.155584</td>\n",
       "      <td>-0.067302</td>\n",
       "      <td>0.629997</td>\n",
       "      <td>0.891960</td>\n",
       "      <td>0.551444</td>\n",
       "    </tr>\n",
       "    <tr>\n",
       "      <th>BP</th>\n",
       "      <td>0.852304</td>\n",
       "      <td>0.617473</td>\n",
       "      <td>-0.342970</td>\n",
       "      <td>0.239321</td>\n",
       "      <td>1.000000</td>\n",
       "      <td>0.864409</td>\n",
       "      <td>0.861009</td>\n",
       "      <td>0.761110</td>\n",
       "      <td>0.131568</td>\n",
       "      <td>0.208446</td>\n",
       "    </tr>\n",
       "    <tr>\n",
       "      <th>COP</th>\n",
       "      <td>0.884819</td>\n",
       "      <td>0.474107</td>\n",
       "      <td>-0.080148</td>\n",
       "      <td>0.155584</td>\n",
       "      <td>0.864409</td>\n",
       "      <td>1.000000</td>\n",
       "      <td>0.739224</td>\n",
       "      <td>0.676977</td>\n",
       "      <td>0.075826</td>\n",
       "      <td>0.381780</td>\n",
       "    </tr>\n",
       "    <tr>\n",
       "      <th>CVX</th>\n",
       "      <td>0.768204</td>\n",
       "      <td>0.412983</td>\n",
       "      <td>-0.427412</td>\n",
       "      <td>-0.067302</td>\n",
       "      <td>0.861009</td>\n",
       "      <td>0.739224</td>\n",
       "      <td>1.000000</td>\n",
       "      <td>0.562559</td>\n",
       "      <td>-0.148428</td>\n",
       "      <td>-0.014078</td>\n",
       "    </tr>\n",
       "    <tr>\n",
       "      <th>EOG</th>\n",
       "      <td>0.763274</td>\n",
       "      <td>0.855169</td>\n",
       "      <td>-0.446676</td>\n",
       "      <td>0.629997</td>\n",
       "      <td>0.761110</td>\n",
       "      <td>0.676977</td>\n",
       "      <td>0.562559</td>\n",
       "      <td>1.000000</td>\n",
       "      <td>0.650812</td>\n",
       "      <td>0.356115</td>\n",
       "    </tr>\n",
       "    <tr>\n",
       "      <th>SLB</th>\n",
       "      <td>0.193308</td>\n",
       "      <td>0.766742</td>\n",
       "      <td>-0.081559</td>\n",
       "      <td>0.891960</td>\n",
       "      <td>0.131568</td>\n",
       "      <td>0.075826</td>\n",
       "      <td>-0.148428</td>\n",
       "      <td>0.650812</td>\n",
       "      <td>1.000000</td>\n",
       "      <td>0.437893</td>\n",
       "    </tr>\n",
       "    <tr>\n",
       "      <th>WMB</th>\n",
       "      <td>0.404101</td>\n",
       "      <td>0.285971</td>\n",
       "      <td>0.296773</td>\n",
       "      <td>0.551444</td>\n",
       "      <td>0.208446</td>\n",
       "      <td>0.381780</td>\n",
       "      <td>-0.014078</td>\n",
       "      <td>0.356115</td>\n",
       "      <td>0.437893</td>\n",
       "      <td>1.000000</td>\n",
       "    </tr>\n",
       "  </tbody>\n",
       "</table>\n",
       "</div>"
      ],
      "text/plain": [
       "          BZ=F       XOM       FRO       YPF        BP       COP       CVX  \\\n",
       "BZ=F  1.000000  0.547242 -0.300589  0.256097  0.852304  0.884819  0.768204   \n",
       "XOM   0.547242  1.000000 -0.248060  0.716473  0.617473  0.474107  0.412983   \n",
       "FRO  -0.300589 -0.248060  1.000000 -0.101548 -0.342970 -0.080148 -0.427412   \n",
       "YPF   0.256097  0.716473 -0.101548  1.000000  0.239321  0.155584 -0.067302   \n",
       "BP    0.852304  0.617473 -0.342970  0.239321  1.000000  0.864409  0.861009   \n",
       "COP   0.884819  0.474107 -0.080148  0.155584  0.864409  1.000000  0.739224   \n",
       "CVX   0.768204  0.412983 -0.427412 -0.067302  0.861009  0.739224  1.000000   \n",
       "EOG   0.763274  0.855169 -0.446676  0.629997  0.761110  0.676977  0.562559   \n",
       "SLB   0.193308  0.766742 -0.081559  0.891960  0.131568  0.075826 -0.148428   \n",
       "WMB   0.404101  0.285971  0.296773  0.551444  0.208446  0.381780 -0.014078   \n",
       "\n",
       "           EOG       SLB       WMB  \n",
       "BZ=F  0.763274  0.193308  0.404101  \n",
       "XOM   0.855169  0.766742  0.285971  \n",
       "FRO  -0.446676 -0.081559  0.296773  \n",
       "YPF   0.629997  0.891960  0.551444  \n",
       "BP    0.761110  0.131568  0.208446  \n",
       "COP   0.676977  0.075826  0.381780  \n",
       "CVX   0.562559 -0.148428 -0.014078  \n",
       "EOG   1.000000  0.650812  0.356115  \n",
       "SLB   0.650812  1.000000  0.437893  \n",
       "WMB   0.356115  0.437893  1.000000  "
      ]
     },
     "execution_count": 7,
     "metadata": {},
     "output_type": "execute_result"
    }
   ],
   "source": [
    "covarianzas = df.cov()\n",
    "corrPearson = df.corr(method='pearson')\n",
    "corrSpearman = df.corr(method='spearman')\n",
    "corrKendall = df.corr(method='kendall')\n",
    "corrPearson"
   ]
  },
  {
   "cell_type": "code",
   "execution_count": 8,
   "id": "eafcd8fa",
   "metadata": {},
   "outputs": [
    {
     "data": {
      "text/html": [
       "<div>\n",
       "<style scoped>\n",
       "    .dataframe tbody tr th:only-of-type {\n",
       "        vertical-align: middle;\n",
       "    }\n",
       "\n",
       "    .dataframe tbody tr th {\n",
       "        vertical-align: top;\n",
       "    }\n",
       "\n",
       "    .dataframe thead th {\n",
       "        text-align: right;\n",
       "    }\n",
       "</style>\n",
       "<table border=\"1\" class=\"dataframe\">\n",
       "  <thead>\n",
       "    <tr style=\"text-align: right;\">\n",
       "      <th></th>\n",
       "      <th>BZ=F</th>\n",
       "      <th>XOM</th>\n",
       "      <th>FRO</th>\n",
       "      <th>YPF</th>\n",
       "      <th>BP</th>\n",
       "      <th>COP</th>\n",
       "      <th>CVX</th>\n",
       "      <th>EOG</th>\n",
       "      <th>SLB</th>\n",
       "      <th>WMB</th>\n",
       "    </tr>\n",
       "  </thead>\n",
       "  <tbody>\n",
       "    <tr>\n",
       "      <th>BZ=F</th>\n",
       "      <td>1.000000</td>\n",
       "      <td>0.457358</td>\n",
       "      <td>-0.335090</td>\n",
       "      <td>0.170332</td>\n",
       "      <td>0.872324</td>\n",
       "      <td>0.889038</td>\n",
       "      <td>0.786066</td>\n",
       "      <td>0.711351</td>\n",
       "      <td>0.083064</td>\n",
       "      <td>0.447772</td>\n",
       "    </tr>\n",
       "    <tr>\n",
       "      <th>XOM</th>\n",
       "      <td>0.457358</td>\n",
       "      <td>1.000000</td>\n",
       "      <td>-0.464042</td>\n",
       "      <td>0.497970</td>\n",
       "      <td>0.557861</td>\n",
       "      <td>0.348109</td>\n",
       "      <td>0.394977</td>\n",
       "      <td>0.771618</td>\n",
       "      <td>0.596690</td>\n",
       "      <td>0.322792</td>\n",
       "    </tr>\n",
       "    <tr>\n",
       "      <th>FRO</th>\n",
       "      <td>-0.335090</td>\n",
       "      <td>-0.464042</td>\n",
       "      <td>1.000000</td>\n",
       "      <td>-0.201971</td>\n",
       "      <td>-0.415737</td>\n",
       "      <td>-0.129487</td>\n",
       "      <td>-0.427653</td>\n",
       "      <td>-0.633259</td>\n",
       "      <td>-0.080445</td>\n",
       "      <td>0.023254</td>\n",
       "    </tr>\n",
       "    <tr>\n",
       "      <th>YPF</th>\n",
       "      <td>0.170332</td>\n",
       "      <td>0.497970</td>\n",
       "      <td>-0.201971</td>\n",
       "      <td>1.000000</td>\n",
       "      <td>0.186415</td>\n",
       "      <td>0.082148</td>\n",
       "      <td>-0.133989</td>\n",
       "      <td>0.524387</td>\n",
       "      <td>0.826777</td>\n",
       "      <td>0.565752</td>\n",
       "    </tr>\n",
       "    <tr>\n",
       "      <th>BP</th>\n",
       "      <td>0.872324</td>\n",
       "      <td>0.557861</td>\n",
       "      <td>-0.415737</td>\n",
       "      <td>0.186415</td>\n",
       "      <td>1.000000</td>\n",
       "      <td>0.852256</td>\n",
       "      <td>0.848389</td>\n",
       "      <td>0.749725</td>\n",
       "      <td>0.076313</td>\n",
       "      <td>0.351759</td>\n",
       "    </tr>\n",
       "    <tr>\n",
       "      <th>COP</th>\n",
       "      <td>0.889038</td>\n",
       "      <td>0.348109</td>\n",
       "      <td>-0.129487</td>\n",
       "      <td>0.082148</td>\n",
       "      <td>0.852256</td>\n",
       "      <td>1.000000</td>\n",
       "      <td>0.733815</td>\n",
       "      <td>0.616724</td>\n",
       "      <td>0.019812</td>\n",
       "      <td>0.430061</td>\n",
       "    </tr>\n",
       "    <tr>\n",
       "      <th>CVX</th>\n",
       "      <td>0.786066</td>\n",
       "      <td>0.394977</td>\n",
       "      <td>-0.427653</td>\n",
       "      <td>-0.133989</td>\n",
       "      <td>0.848389</td>\n",
       "      <td>0.733815</td>\n",
       "      <td>1.000000</td>\n",
       "      <td>0.545774</td>\n",
       "      <td>-0.228648</td>\n",
       "      <td>0.119133</td>\n",
       "    </tr>\n",
       "    <tr>\n",
       "      <th>EOG</th>\n",
       "      <td>0.711351</td>\n",
       "      <td>0.771618</td>\n",
       "      <td>-0.633259</td>\n",
       "      <td>0.524387</td>\n",
       "      <td>0.749725</td>\n",
       "      <td>0.616724</td>\n",
       "      <td>0.545774</td>\n",
       "      <td>1.000000</td>\n",
       "      <td>0.499792</td>\n",
       "      <td>0.485010</td>\n",
       "    </tr>\n",
       "    <tr>\n",
       "      <th>SLB</th>\n",
       "      <td>0.083064</td>\n",
       "      <td>0.596690</td>\n",
       "      <td>-0.080445</td>\n",
       "      <td>0.826777</td>\n",
       "      <td>0.076313</td>\n",
       "      <td>0.019812</td>\n",
       "      <td>-0.228648</td>\n",
       "      <td>0.499792</td>\n",
       "      <td>1.000000</td>\n",
       "      <td>0.483523</td>\n",
       "    </tr>\n",
       "    <tr>\n",
       "      <th>WMB</th>\n",
       "      <td>0.447772</td>\n",
       "      <td>0.322792</td>\n",
       "      <td>0.023254</td>\n",
       "      <td>0.565752</td>\n",
       "      <td>0.351759</td>\n",
       "      <td>0.430061</td>\n",
       "      <td>0.119133</td>\n",
       "      <td>0.485010</td>\n",
       "      <td>0.483523</td>\n",
       "      <td>1.000000</td>\n",
       "    </tr>\n",
       "  </tbody>\n",
       "</table>\n",
       "</div>"
      ],
      "text/plain": [
       "          BZ=F       XOM       FRO       YPF        BP       COP       CVX  \\\n",
       "BZ=F  1.000000  0.457358 -0.335090  0.170332  0.872324  0.889038  0.786066   \n",
       "XOM   0.457358  1.000000 -0.464042  0.497970  0.557861  0.348109  0.394977   \n",
       "FRO  -0.335090 -0.464042  1.000000 -0.201971 -0.415737 -0.129487 -0.427653   \n",
       "YPF   0.170332  0.497970 -0.201971  1.000000  0.186415  0.082148 -0.133989   \n",
       "BP    0.872324  0.557861 -0.415737  0.186415  1.000000  0.852256  0.848389   \n",
       "COP   0.889038  0.348109 -0.129487  0.082148  0.852256  1.000000  0.733815   \n",
       "CVX   0.786066  0.394977 -0.427653 -0.133989  0.848389  0.733815  1.000000   \n",
       "EOG   0.711351  0.771618 -0.633259  0.524387  0.749725  0.616724  0.545774   \n",
       "SLB   0.083064  0.596690 -0.080445  0.826777  0.076313  0.019812 -0.228648   \n",
       "WMB   0.447772  0.322792  0.023254  0.565752  0.351759  0.430061  0.119133   \n",
       "\n",
       "           EOG       SLB       WMB  \n",
       "BZ=F  0.711351  0.083064  0.447772  \n",
       "XOM   0.771618  0.596690  0.322792  \n",
       "FRO  -0.633259 -0.080445  0.023254  \n",
       "YPF   0.524387  0.826777  0.565752  \n",
       "BP    0.749725  0.076313  0.351759  \n",
       "COP   0.616724  0.019812  0.430061  \n",
       "CVX   0.545774 -0.228648  0.119133  \n",
       "EOG   1.000000  0.499792  0.485010  \n",
       "SLB   0.499792  1.000000  0.483523  \n",
       "WMB   0.485010  0.483523  1.000000  "
      ]
     },
     "execution_count": 8,
     "metadata": {},
     "output_type": "execute_result"
    }
   ],
   "source": [
    "corrSpearman"
   ]
  },
  {
   "cell_type": "code",
   "execution_count": 9,
   "id": "4fcd2205",
   "metadata": {
    "scrolled": true
   },
   "outputs": [
    {
     "data": {
      "text/plain": [
       "<AxesSubplot:>"
      ]
     },
     "execution_count": 9,
     "metadata": {},
     "output_type": "execute_result"
    },
    {
     "data": {
